0.010000 3.370707 0.001480 0.000009
0.020000 3.449394 0.005271 0.000035
0.030000 3.948660 0.010873 0.000087
0.040000 4.367409 0.017089 0.000179
0.050000 3.729505 0.018172 0.000238
0.060000 4.459171 0.025959 0.000414
0.070000 5.188156 0.037329 0.000622
0.080000 4.599646 0.036971 0.000728
0.090000 4.988816 0.050131 0.001027
0.100000 5.151837 0.061715 0.001262
0.110000 6.066878 0.081219 0.001867
0.120000 7.588364 0.109728 0.002724
0.130000 6.996789 0.113004 0.002969
0.140000 5.735553 0.112951 0.002773
0.150000 5.134224 0.099761 0.002890
0.160000 6.872516 0.159663 0.004399
0.170000 6.844654 0.168787 0.005108
0.180000 6.514503 0.164186 0.005302
0.190000 6.386701 0.163114 0.005776
0.200000 6.513144 0.182419 0.006536
0.210000 6.408326 0.194239 0.007026
0.220000 6.745791 0.209537 0.008379
0.230000 7.900221 0.255692 0.010554
0.240000 8.660667 0.306189 0.012498
0.250000 9.044836 0.346588 0.014188
0.260000 8.445489 0.347668 0.014574
0.270000 7.744616 0.338045 0.014049
0.280000 7.153235 0.318521 0.014204
0.290000 6.901446 0.318083 0.014567
0.300000 6.957258 0.327647 0.015764
0.310000 6.904733 0.321669 0.016850
0.320000 6.742763 0.331000 0.017496
0.330000 6.542397 0.328267 0.017836
0.340000 6.202772 0.325607 0.018144
0.350000 5.984428 0.319138 0.018382
0.360000 6.597038 0.376151 0.021746
0.370000 6.788088 0.413277 0.023540
0.380000 6.422327 0.404790 0.023399
0.390000 6.271403 0.358357 0.024147
0.400000 5.828607 0.356875 0.023706
0.410000 5.818079 0.380347 0.024622
0.420000 5.872146 0.403768 0.026286
0.430000 6.318101 0.424252 0.029611
0.440000 7.471726 0.461224 0.036210
0.450000 8.292309 0.521246 0.042194
0.460000 8.517064 0.543085 0.045373
0.470000 8.136051 0.583538 0.045426
0.480000 7.836043 0.628197 0.045506
0.490000 8.048685 0.665427 0.048771
0.500000 8.189476 0.705085 0.051424
0.510000 8.428294 0.738152 0.055417
0.520000 8.668916 0.759270 0.058794
0.530000 8.791390 0.779947 0.062423
0.540000 8.902356 0.793900 0.065527
0.550000 8.957669 0.795407 0.067864
0.560000 8.908872 0.799938 0.070304
0.570000 8.788663 0.795928 0.072345
0.580000 8.708130 0.783333 0.073671
0.590000 8.552884 0.775733 0.074536
0.600000 8.337793 0.759870 0.075720
0.610000 8.113889 0.738891 0.076337
0.620000 7.917637 0.722859 0.076463
0.630000 7.686189 0.701477 0.076494
0.640000 7.429854 0.676272 0.076741
0.650000 7.171599 0.678482 0.076640
0.660000 6.957845 0.681170 0.076249
0.670000 6.730740 0.685263 0.075704
0.680000 6.495620 0.687253 0.075578
0.690000 6.256709 0.687500 0.075241
0.700000 6.042539 0.686310 0.074729
0.710000 5.964515 0.683946 0.075926
0.720000 5.902619 0.682652 0.077063
0.730000 5.830245 0.682876 0.078502
0.740000 5.774629 0.682156 0.079589
0.750000 5.703895 0.680650 0.081032
0.760000 5.644381 0.678497 0.082107
0.770000 5.577614 0.675818 0.083424
0.780000 5.506521 0.672723 0.084520
0.790000 5.445501 0.669309 0.085592
0.800000 5.363039 0.665664 0.086736
0.810000 5.375321 0.661865 0.089085
0.820000 5.619045 0.677078 0.095375
0.830000 5.787804 0.694740 0.100488
0.840000 5.868414 0.721829 0.104225
0.850000 5.859818 0.756410 0.106486
0.860000 5.767748 0.778020 0.107263
0.870000 5.598342 0.781650 0.106638
0.880000 5.358013 0.791993 0.104491
0.890000 5.205128 0.804650 0.103740
0.900000 5.296119 0.801125 0.107937
0.910000 5.355266 0.784494 0.111858
0.920000 5.390417 0.818994 0.115124
0.930000 5.399208 0.855243 0.117653
0.940000 5.369739 0.880070 0.119338
0.950000 5.299270 0.903109 0.120562
0.960000 5.214806 0.915612 0.121045
0.970000 5.132560 0.921997 0.121615
0.980000 5.128783 0.922937 0.124205
0.990000 5.118505 0.913557 0.126330
1.000000 5.070335 0.902730 0.127563
1.010000 5.007509 0.883870 0.128785
1.020000 4.932684 0.857058 0.129248
1.030000 4.831908 0.830225 0.129166
1.040000 4.729001 0.796256 0.128836
1.050000 4.601578 0.756245 0.127546
1.060000 4.464368 0.716144 0.126255
1.070000 4.304361 0.681612 0.123882
1.080000 4.141070 0.667731 0.121417
1.090000 3.950677 0.658451 0.118107
1.100000 3.763845 0.661625 0.114370
1.110000 3.642988 0.659652 0.112944
1.120000 3.544323 0.659992 0.111941
1.130000 3.454816 0.665789 0.110972
1.140000 3.356066 0.669330 0.109774
1.150000 3.380300 0.670712 0.112676
1.160000 3.395020 0.670045 0.115098
1.170000 3.383221 0.667447 0.116663
1.180000 3.351365 0.663043 0.117609
1.190000 3.306839 0.656966 0.118011
1.200000 3.243737 0.649352 0.117723
1.210000 3.166564 0.642786 0.116877
1.220000 3.086114 0.635033 0.115827
1.230000 2.996658 0.625998 0.114356
1.240000 2.901698 0.615820 0.112528
1.250000 2.805690 0.604640 0.110574
1.260000 2.707982 0.592596 0.108379
1.270000 2.607204 0.579822 0.106005
1.280000 2.507209 0.566451 0.103493
1.290000 2.410201 0.552608 0.101040
1.300000 2.313964 0.538414 0.098502
1.310000 2.221487 0.523986 0.096046
1.320000 2.139089 0.509432 0.093892
1.330000 2.063082 0.494854 0.091924
1.340000 1.994965 0.480346 0.090223
1.350000 1.935742 0.465997 0.088849
1.360000 1.885963 0.451886 0.087847
1.370000 1.845774 0.444079 0.087241
1.380000 1.814967 0.446374 0.087041
1.390000 1.793045 0.448526 0.087240
1.400000 1.779274 0.450535 0.087821
1.410000 1.772743 0.452650 0.088752
1.420000 1.772419 0.454889 0.089998
1.430000 1.777195 0.456982 0.091512
1.440000 1.785935 0.458927 0.093246
1.450000 1.797513 0.460726 0.095148
1.460000 1.810847 0.462379 0.097166
1.470000 1.824922 0.463887 0.099343
1.480000 1.839322 0.465252 0.101574
1.490000 1.854889 0.466475 0.103795
1.500000 1.869049 0.467557 0.105963
1.510000 1.881175 0.469650 0.108082
1.520000 1.891724 0.477212 0.110239
1.530000 1.902046 0.484423 0.112256
1.540000 1.909282 0.491179 0.114108
1.550000 1.914850 0.497395 0.116015
1.560000 1.919372 0.503007 0.117735
1.570000 1.920450 0.507970 0.119251
1.580000 1.919379 0.512280 0.120804
1.590000 1.917766 0.516640 0.122166
1.600000 1.912884 0.520325 0.123322
1.610000 1.905279 0.523347 0.124539
1.620000 1.898366 0.525733 0.125558
1.630000 1.888708 0.527516 0.126463
1.640000 1.877764 0.528743 0.127376
1.650000 1.867070 0.529465 0.128121
1.660000 1.854329 0.529741 0.128895
1.670000 1.842288 0.529633 0.129595
1.680000 1.829607 0.529206 0.130249
1.690000 1.829344 0.528524 0.131740
1.700000 1.833686 0.527655 0.133573
1.710000 1.836551 0.526661 0.135256
1.720000 1.835086 0.526041 0.136834
1.730000 1.832228 0.525436 0.138165
1.740000 1.827925 0.524850 0.139383
1.750000 1.820214 0.524334 0.140454
1.760000 1.812554 0.523933 0.141267
1.770000 1.800255 0.523689 0.142009
1.780000 1.788434 0.523637 0.142472
1.790000 1.771889 0.523807 0.142797
1.800000 1.755429 0.524221 0.142953
1.810000 1.735934 0.524897 0.142744
1.820000 1.713214 0.525847 0.142617
1.830000 1.694382 0.527077 0.143060
1.840000 1.692450 0.528586 0.144387
1.850000 1.691057 0.530370 0.145779
1.860000 1.690180 0.532419 0.147370
1.870000 1.689775 0.534719 0.149008
1.880000 1.691618 0.537250 0.150690
1.890000 1.693855 0.539992 0.152462
1.900000 1.696354 0.542918 0.154395
1.910000 1.699790 0.546253 0.156356
1.920000 1.704525 0.549833 0.158338
1.930000 1.709245 0.553523 0.160464
1.940000 1.713837 0.557290 0.162659
1.950000 1.720264 0.561098 0.164847
1.960000 1.726417 0.564912 0.167080
1.970000 1.732120 0.582983 0.169443
1.980000 1.738454 0.599654 0.171770
1.990000 1.745220 0.613656 0.174094
2.000000 1.751211 0.624845 0.176552
2.010000 1.757331 0.633115 0.178941
2.020000 1.763906 0.638391 0.181352
2.030000 1.769400 0.640633 0.183825
2.040000 1.775602 0.639842 0.186193
2.050000 1.781237 0.637877 0.188688
2.060000 1.786223 0.632964 0.191094
2.070000 1.791765 0.625172 0.193502
2.080000 1.795819 0.614628 0.195920
2.090000 1.801050 0.617780 0.198190
2.100000 1.804636 0.624645 0.200594
2.110000 1.808360 0.631177 0.202821
2.120000 1.811324 0.637347 0.205017
2.130000 1.812465 0.643124 0.207188
2.140000 1.814491 0.648482 0.209152
2.150000 1.814773 0.653395 0.211228
2.160000 1.817279 0.657841 0.213526
2.170000 1.828166 0.661798 0.216656
2.180000 1.838090 0.665246 0.219866
2.190000 1.847007 0.668631 0.223020
2.200000 1.854880 0.671884 0.226074
2.210000 1.863326 0.674589 0.229021
2.220000 1.870797 0.676733 0.231868
2.230000 1.877151 0.678307 0.234812
2.240000 1.882365 0.679301 0.237634
2.250000 1.886461 0.679709 0.240327
2.260000 1.891214 0.679526 0.242884
2.270000 1.894784 0.678751 0.245370
2.280000 1.897161 0.677382 0.247898
2.290000 1.898340 0.675909 0.250279
2.300000 1.898316 0.676939 0.252508
2.310000 1.898851 0.677357 0.254582
2.320000 1.898343 0.677840 0.256600
2.330000 1.896631 0.677949 0.258625
2.340000 1.893724 0.677444 0.260486
2.350000 1.889632 0.676329 0.262181
2.360000 1.885672 0.678436 0.263707
2.370000 1.881156 0.680710 0.265159
2.380000 1.875478 0.682668 0.266624
2.390000 1.868657 0.684618 0.267915
2.400000 1.860713 0.685938 0.269032
2.410000 1.852037 0.688731 0.269974
2.420000 1.843772 0.694330 0.270855
2.430000 1.834427 0.699944 0.271729
2.440000 1.824026 0.705457 0.272427
2.450000 1.812599 0.710643 0.272949
2.460000 1.800173 0.716295 0.273318
2.470000 1.787629 0.723101 0.273772
2.480000 1.775035 0.729588 0.274050
2.490000 1.761496 0.735798 0.274153
2.500000 1.747046 0.742212 0.274254
2.510000 1.731718 0.748302 0.274292
2.520000 1.717055 0.754065 0.274157
2.530000 1.701689 0.759500 0.274036
2.540000 1.685985 0.764606 0.273837
2.550000 1.670619 0.769382 0.273470
2.560000 1.655086 0.773829 0.273155
2.570000 1.639746 0.777946 0.272728
2.580000 1.623637 0.781734 0.272136
2.590000 1.608219 0.785196 0.271603
2.600000 1.592184 0.788334 0.270954
2.610000 1.575439 0.791685 0.270146
2.620000 1.559144 0.794759 0.269402
2.630000 1.542523 0.797512 0.268542
2.640000 1.525250 0.799950 0.267565
2.650000 1.507973 0.802074 0.266655
2.660000 1.490872 0.803890 0.265592
2.670000 1.473176 0.805400 0.264597
2.680000 1.455761 0.806609 0.263488
2.690000 1.438280 0.807523 0.262422
2.700000 1.421457 0.808145 0.261271
2.710000 1.404637 0.808481 0.260153
2.720000 1.388142 0.808536 0.258961
2.730000 1.371509 0.808316 0.257819
2.740000 1.355232 0.807827 0.256587
2.750000 1.344186 0.807074 0.255661
2.760000 1.353949 0.806064 0.259325
2.770000 1.362256 0.804802 0.262722
2.780000 1.367419 0.803295 0.265579
2.790000 1.371316 0.801891 0.268157
2.800000 1.371913 0.800391 0.270167
2.810000 1.371499 0.798657 0.271932
2.820000 1.368030 0.796695 0.273077
2.830000 1.363038 0.794511 0.274042
2.840000 1.355769 0.792113 0.274384
2.850000 1.346454 0.789507 0.274504
2.860000 1.335676 0.786699 0.274086
2.870000 1.322331 0.783696 0.273342
2.880000 1.308350 0.780504 0.272198
2.890000 1.291857 0.777131 0.270565
2.900000 1.274287 0.773582 0.268736
2.910000 1.255116 0.769864 0.266368
2.920000 1.233910 0.765984 0.263690
2.930000 1.212389 0.761948 0.260711
2.940000 1.193828 0.757762 0.259902
2.950000 1.187345 0.753433 0.259972
2.960000 1.178202 0.748968 0.259572
2.970000 1.168035 0.744371 0.258907
2.980000 1.155190 0.739650 0.257966
2.990000 1.141132 0.734811 0.256783
3.000000 1.126191 0.729907 0.255399
3.010000 1.111463 0.725152 0.253789
3.020000 1.096392 0.720287 0.251903
3.030000 1.084761 0.715318 0.250131
3.040000 1.079223 0.710251 0.250486
3.050000 1.073675 0.705091 0.250775
3.060000 1.067906 0.699843 0.250999
3.070000 1.062065 0.694514 0.251237
3.080000 1.056444 0.689108 0.251472
3.090000 1.050616 0.683631 0.251644
3.100000 1.044589 0.678087 0.251753
3.110000 1.038372 0.672482 0.251802
3.120000 1.031974 0.666820 0.251790
3.130000 1.025403 0.665891 0.251718
3.140000 1.018898 0.665713 0.251589
3.150000 1.012504 0.665454 0.251441
3.160000 1.005948 0.665116 0.251328
3.170000 0.999237 0.664702 0.251160
3.180000 0.992379 0.664213 0.250936
3.190000 0.985382 0.663651 0.250658
3.200000 0.978253 0.663017 0.250327
3.210000 0.970998 0.662314 0.249945
3.220000 0.963626 0.661543 0.249513
3.230000 0.956142 0.660707 0.249031
3.240000 0.948554 0.659806 0.248554
3.250000 0.940867 0.658842 0.248093
3.260000 0.933088 0.657818 0.247584
3.270000 0.925224 0.656735 0.247029
3.280000 0.917280 0.655594 0.246428
3.290000 0.909398 0.654397 0.245784
3.300000 0.901676 0.653147 0.245096
3.310000 0.893880 0.651843 0.244366
3.320000 0.886017 0.650489 0.243595
3.330000 0.878091 0.649085 0.242833
3.340000 0.870109 0.647634 0.242086
3.350000 0.862075 0.646136 0.241300
3.360000 0.853993 0.644593 0.240475
3.370000 0.845870 0.643007 0.239614
3.380000 0.837709 0.641380 0.238716
3.390000 0.829516 0.639711 0.237783
3.400000 0.821294 0.638004 0.236815
3.410000 0.813048 0.636259 0.235815
3.420000 0.804783 0.634477 0.234826
3.430000 0.796683 0.632661 0.233852
3.440000 0.788651 0.630811 0.232846
3.450000 0.780601 0.628928 0.231809
3.460000 0.772538 0.627015 0.230743
3.470000 0.764466 0.625071 0.229647
3.480000 0.756388 0.623099 0.228524
3.490000 0.748308 0.621099 0.227374
3.500000 0.740228 0.619074 0.226198
3.510000 0.732153 0.617098 0.225060
3.520000 0.724085 0.615139 0.223912
3.530000 0.716055 0.613155 0.222738
3.540000 0.708218 0.611147 0.221541
3.550000 0.700388 0.609115 0.220320
3.560000 0.692571 0.607061 0.219078
3.570000 0.684767 0.604986 0.217814
3.580000 0.676981 0.602892 0.216529
3.590000 0.669213 0.600778 0.215275
3.600000 0.661468 0.598646 0.214018
3.610000 0.653746 0.596497 0.212742
3.620000 0.646051 0.594332 0.211447
3.630000 0.638384 0.592151 0.210134
3.640000 0.630748 0.589956 0.208804
3.650000 0.623144 0.587748 0.207458
3.660000 0.615712 0.585527 0.206103
3.670000 0.608323 0.583295 0.204785
3.680000 0.600967 0.581051 0.203451
3.690000 0.593644 0.578797 0.202102
3.700000 0.586358 0.576534 0.200738
3.710000 0.579109 0.574262 0.199362
3.720000 0.571898 0.571983 0.197972
3.730000 0.564728 0.569696 0.196570
3.740000 0.557600 0.567403 0.195157
3.750000 0.550594 0.565104 0.193733
3.760000 0.543668 0.562800 0.192337
3.770000 0.536783 0.560491 0.190941
3.780000 0.529941 0.558179 0.189535
3.790000 0.523141 0.555864 0.188118
3.800000 0.516386 0.553546 0.186693
3.810000 0.509677 0.551226 0.185259
3.820000 0.503014 0.548904 0.183818
3.830000 0.496449 0.546582 0.182369
3.840000 0.491889 0.544260 0.181624
3.850000 0.489554 0.541938 0.181652
3.860000 0.487204 0.539616 0.181666
3.870000 0.484837 0.537296 0.181668
3.880000 0.482455 0.534977 0.181656
3.890000 0.480060 0.532661 0.181633
3.900000 0.477651 0.530347 0.181596
3.910000 0.475229 0.528037 0.181548
3.920000 0.472796 0.525730 0.181488
3.930000 0.470351 0.523426 0.181416
3.940000 0.467897 0.521128 0.181373
3.950000 0.465432 0.518833 0.181321
3.960000 0.462960 0.516544 0.181258
3.970000 0.460478 0.514261 0.181183
3.980000 0.457990 0.511983 0.181097
3.990000 0.455495 0.509712 0.181000
4.000000 0.452995 0.507447 0.180892
4.010000 0.450581 0.505188 0.180774
4.020000 0.448159 0.502937 0.180645
4.030000 0.445732 0.500694 0.180506
4.040000 0.443298 0.498458 0.180356
4.050000 0.440860 0.496230 0.180197
4.060000 0.438417 0.494010 0.180029
4.070000 0.435970 0.491799 0.179850
4.080000 0.433519 0.489597 0.179663
4.090000 0.431066 0.487403 0.179466
4.100000 0.428610 0.485219 0.179260
4.110000 0.426153 0.483045 0.179045
4.120000 0.423694 0.480880 0.178821
4.130000 0.421234 0.478725 0.178611
4.140000 0.418773 0.476580 0.178406
4.150000 0.416312 0.474445 0.178193
4.160000 0.413852 0.472321 0.177971
4.170000 0.411393 0.470208 0.177740
4.180000 0.408935 0.468105 0.177502
4.190000 0.406478 0.466013 0.177255
4.200000 0.404024 0.463933 0.177001
4.210000 0.401571 0.461864 0.176739
4.220000 0.399122 0.459806 0.176470
4.230000 0.396675 0.457759 0.176193
4.240000 0.394232 0.455724 0.175908
4.250000 0.391793 0.453701 0.175617
4.260000 0.389358 0.451690 0.175319
4.270000 0.386927 0.449691 0.175014
4.280000 0.384501 0.447704 0.174702
4.290000 0.382079 0.445730 0.174383
4.300000 0.379719 0.443767 0.174059
4.310000 0.377364 0.441817 0.173728
4.320000 0.375013 0.439879 0.173390
4.330000 0.372667 0.437954 0.173047
4.340000 0.370325 0.436042 0.172701
4.350000 0.367990 0.434142 0.172375
4.360000 0.365659 0.432254 0.172042
4.370000 0.363335 0.430380 0.171704
4.380000 0.361016 0.428518 0.171360
4.390000 0.358704 0.426669 0.171010
4.400000 0.356398 0.424834 0.170655
4.410000 0.354099 0.423011 0.170294
4.420000 0.351807 0.421201 0.169928
4.430000 0.349522 0.419404 0.169556
4.440000 0.347245 0.417620 0.169180
4.450000 0.344974 0.415849 0.168799
4.460000 0.342712 0.414091 0.168413
4.470000 0.340457 0.412346 0.168022
4.480000 0.338210 0.410615 0.167626
4.490000 0.335971 0.408896 0.167230
4.500000 0.333741 0.407191 0.166850
4.510000 0.331519 0.405498 0.166466
4.520000 0.329306 0.403819 0.166076
4.530000 0.327101 0.402153 0.165683
4.540000 0.324905 0.400500 0.165285
4.550000 0.322718 0.398860 0.164883
4.560000 0.320540 0.397233 0.164477
4.570000 0.318371 0.395619 0.164066
4.580000 0.316212 0.394018 0.163667
4.590000 0.314062 0.392431 0.163272
4.600000 0.311921 0.390856 0.162872
4.610000 0.309791 0.389294 0.162469
4.620000 0.307669 0.387745 0.162061
4.630000 0.305558 0.386423 0.161650
4.640000 0.303456 0.385234 0.161235
4.650000 0.301364 0.384046 0.160817
4.660000 0.299282 0.382857 0.160395
4.670000 0.297211 0.381669 0.159977
4.680000 0.295149 0.380482 0.159569
4.690000 0.293098 0.379295 0.159158
4.700000 0.291056 0.378110 0.160117
4.710000 0.289025 0.376925 0.161608
4.720000 0.290207 0.375742 0.163059
4.730000 0.291443 0.374560 0.164472
4.740000 0.292579 0.373380 0.165860
4.750000 0.293624 0.372202 0.167204
4.760000 0.294567 0.371025 0.168502
4.770000 0.295426 0.369851 0.169751
4.780000 0.296265 0.368679 0.170946
4.790000 0.297111 0.367510 0.172077
4.800000 0.297814 0.366343 0.173164
4.810000 0.298417 0.365178 0.174183
4.820000 0.298915 0.364017 0.175157
4.830000 0.299268 0.362859 0.176272
4.840000 0.299477 0.361703 0.177371
4.850000 0.300101 0.360551 0.178407
4.860000 0.300713 0.359402 0.179381
4.870000 0.301185 0.358257 0.180307
4.880000 0.301519 0.357115 0.181153
4.890000 0.301719 0.355977 0.181919
4.900000 0.301803 0.354843 0.182653
4.910000 0.301825 0.353713 0.183316
4.920000 0.301722 0.352587 0.183905
4.930000 0.301500 0.351465 0.184421
4.940000 0.301163 0.350347 0.184880
4.950000 0.300717 0.349495 0.185309
4.960000 0.300168 0.349757 0.185673
4.970000 0.299524 0.350016 0.185976
4.980000 0.298844 0.350273 0.186223
4.990000 0.298101 0.350527 0.186416
5.000000 0.297280 0.350780 0.186587
